 PDE 2010  4 11 22  8 12.80  36.9700   -3.5400 609.8 6.0 6.3 SPAIN
event name:     C201004112208A
time shift:      2.7000
half duration:   3.6000
latitude:       37.1000
longitude:      -3.6900
depth:         616.5000
Mrr:      -2.160000e+25
Mtt:       5.360000e+24
Mpp:       1.620000e+25
Mrt:       1.300000e+23
Mrp:       3.230000e+25
Mtp:       1.750000e+25
